2450
109939
1046
144
-1568
-5099
-1439
-2930
-7316
-1010
-995
-2826
-1299
-632
-2065
1547
-217
-1558
-197
-1735
-4632
279
-6276
5932
-42
-4103
-200
700
-1246
3489
-1898
-2673
-1508
-3899
-4730
-216
-950
254
-2358
-2785
-1789
-4996
-3683
-3298
-1779
-523
1587
588
-1518
-1210
-1138
-339
1730
-2979
3034
-1030
-2857
-1639
-941
-807
1040
-3076
-1303
-4000
-3315
-1175
-739
-1753
586
-3465
-733
866
-910
-1598
-1171
-601
-2924
-3205
-437
-925
-5446
640
-644
1390
1095
-344
632
-125
-2113
-1301
-1660
-963
-3744
-3367
-5307
-306
-1608
-967
86
190
-718
78
-3324
-748
-32
1805
-1231
-2260
-733
-1267
-1836
3234
-6036
1082
-1973
-2444
-2028
-2210
388
-229
-2452
-561
-6226
-1214
-2530
-30
-1962
-2323
-1938
-282
-1236
14
-2093
2840
2335
136
-2204
-5338
-2876
-3048
-3811
-1296
437
1834
2426
-441
-966
-508
1202
-1499
-3315
-5075
-1173
-1392
194
-3935
170
3007
3091
-1261
-2720
-3152
-2042
-347
320
1614
-1021
-3057
-2302
-254
1767
77
-174
876
2425
328
-1494
-3819
-1600
-1943
-1367
-1414
-1644
-584
-2698
-939
-1172
-1908
-1848
1352
-3504
1541
-126
-1206
2223
-1198
-4131
-3116
-2098
-1113
-2181
792
-3127
605
-180
-1678
-2406
-388
-1767
2869
-2902
-1814
-7257
-3141
-2281
598
150
-3208
413
-1394
384
-1492
-2530
-1560
-1262
-2156
-1609
-3874
-3205
-2693
-171
3
134
-1292
-2634
-107
-1779
-2299
325
-1959
-1528
-3140
288
717
2500
-2917
-248
-693
728
-3738
1510
2161
-825
-1968
-1605
-1550
-422
-6366
-3949
-2019
-2844
1384
503
-5045
-165
-730
1591
-2810
1014
291
-3732
-1120
-481
40
1703
-58
141
-1924
94
-1951
-1980
-2091
-6502
-2844
-1200
-2803
-557
3970
1813
4497
2318
-3047
-768
-2575
-2461
2770
-1271
-3470
-2522
-1044
-1265
-3767
-288
-61
1174
-2511
-627
588
-1569
-4735
-2447
-2591
-2992
-1550
-613
-471
-2332
1694
333
1444
-1192
705
-1969
-1040
-694
-3647
-556
-448
-1646
-4887
-3711
-4175
-1622
977
-698
525
407
1286
-2641
-451
-2095
165
2190
993
-641
-783
-401
-861
-958
-2377
-299
-587
-206
-1640
-1894
1268
-1035
-3975
-3753
-729
-2631
29
-1133
-1750
-1497
-785
-3723
-4946
-1075
-517
-943
-580
2889
3065
-2183
-1300
-3124
1561
2929
-2347
-520
950
-2462
-1474
-2467
-3977
-4115
-2895
3829
2347
-2389
143
-4736
1890
-553
-2967
-370
3078
-1895
528
331
-68
-2234
-2489
125
-3216
3466
-1918
1984
-1796
-4054
-3362
-1112
-1294
-1669
-2156
1079
806
758
-1267
-1195
-1045
1752
2419
-236
-4090
81
-5301
2101
-2976
-1547
-1121
-2739
-535
1093
941
1157
-1886
-948
-1238
-574
-828
3158
347
9
-990
1954
1899
3372
-248
1810
2158
-623
-2883
-4460
-4405
-1785
-2243
13
4299
420
3972
-1178
-3378
-2670
-1165
645
-371
-1751
-1150
-1356
-579
-2232
-2898
-2842
-2154
-1181
-2367
1579
-2374
-2809
2294
-1602
-401
-2059
988
-2127
-434
-1594
-2174
-4433
-837
-599
-827
-1364
3430
604
-4747
-2181
-4083
8
-2832
-4194
-2316
-1219
3171
1064
-1484
-1876
-3707
1218
-1833
864
162
395
-1367
-2324
465
1688
-2756
-873
-103
136
457
-1406
-2078
2021
-1688
-4146
398
-1800
-2518
-602
-1600
-2534
-3017
2235
282
-420
-1618
-2229
-586
-2390
-2548
636
350
1923
-3096
1373
1501
591
-2421
-3621
-4479
-439
-3185
-3167
369
73
-1910
-1539
-508
-722
2913
1014
-339
-1321
-3589
-1698
2253
-1433
-1304
-1418
374
-1447
395
-300
-37
-3619
565
2036
3500
1156
-2834
-6703
-2353
-2822
-3261
-712
-1060
5645
4791
1779
-271
1874
2138
-4207
-691
-2354
-4723
-2935
-2543
82
-1389
1361
-197
-2740
-3470
1449
-1104
-1137
-727
-335
-532
0
1247
-2776
-2942
-2076
1595
667
-456
252
1175
-1284
399
-2175
-2756
-658
-2305
1566
-6
-1177
-860
-2210
-3179
398
-3018
-481
1561
-364
-5424
-3445
-834
-2218
-3753
-2963
-848
-422
-3382
-4259
-1217
-1486
195
-4412
-3552
454
-200
1517
3346
-2512
1173
-2874
-1602
-1762
-450
-3271
-1610
-2355
-1744
-3768
1858
-6156
-949
-37
-431
562
-1947
-236
3372
-1970
-202
641
18
-977
-201
364
764
-1110
646
-1714
-1862
-1509
1891
-898
1660
-5927
-1198
-2597
-2520
-153
-386
-2257
-2040
-2410
574
-2882
1305
-2178
207
3132
-2624
-2247
-1584
-29
-2076
-1005
-3312
-1788
-1761
-84
-254
2058
1251
-1439
-1218
-3558
-507
-1050
1427
-1790
-4081
-274
2687
548
-3470
-1317
123
-2394
-1057
-3909
-4503
843
-325
-2882
17
-240
-314
-697
-1298
-2975
-727
-2406
-829
-2556
2103
-2107
-3500
-561
2654
2278
-530
-1761
-928
3360
36
-703
1002
-1546
-3240
-1605
-2215
-2649
-3312
-3442
482
-280
1969
574
-889
46
-155
-1864
907
-4240
-2181
-2615
-569
-2200
1118
-2412
-913
-16
396
559
-767
-2563
-2799
-650
-3570
-137
-2239
-915
19
1382
1021
-1800
-738
-4070
-1705
-1108
419
-120
-639
-1221
-544
-353
-362
1219
-574
-1228
-2161
-1532
-1803
-3088
-1856
-3307
1058
1882
-1587
574
-413
-1238
508
-2692
-2462
396
-2484
-693
1066
-8
286
1877
-1570
-1831
1032
-1908
-191
-3967
1320
-3590
1127
1060
-1065
-210
682
23
-718
3445
2809
-4306
-731
153
1666
1300
-314
-309
-953
384
883
-4741
-1072
-3759
-2435
-615
-3210
-193
1521
-3548
-1650
-366
-334
2121
1446
405
-358
-778
-2822
721
-574
-3
-1083
855
-2919
-2545
-3047
-2533
-1991
933
-3440
1776
330
167
-2511
-2642
-2765
-1071
674
1989
787
-407
-655
-226
-112
-2358
-1833
-1212
-384
826
-5341
-683
-2531
1599
-2829
-113
-2971
236
-855
-516
1814
-1215
-2556
-1370
-1832
-850
2968
83
858
-5667
-4362
-995
1795
-1344
-1648
-518
-2306
-147
-1754
-1506
359
-1317
76
-625
-531
-2227
-2355
-2079
3166
-3831
-985
-2186
-798
1351
353
1094
2628
-2266
-2075
959
905
-405
1744
-697
-73
-5852
-2128
-1182
-2873
915
710
-2117
-1513
-522
-44
-2821
-1173
1295
-1088
-547
-3980
-2909
235
-1723
2031
-264
76
1028
74
-909
-4883
1713
-918
-2742
-3008
-1301
-1339
1193
2195
1103
1741
3221
-190
1528
-1950
-570
1972
1683
-1987
-2711
-331
418
-1159
-423
-269
1350
-165
2327
-188
-1625
-1771
255
-208
1835
-1246
-2476
548
148
-1663
513
-1428
-331
1661
-3174
-3342
-2899
-2079
-2067
-880
-1154
-1029
-1189
-1439
-1753
1396
786
1437
-1388
-2712
-2873
-2169
-651
-854
-255
1047
-1668
-71
810
-1344
-4623
1604
-2494
858
-3202
-928
1465
-2339
-2326
-509
-865
-115
457
774
171
-572
-5518
-937
-1052
-2803
-1855
-1385
-3145
-2432
160
-3801
798
-4352
-1182
316
-2346
239
2289
-561
1231
-420
1583
3237
1643
-2642
1829
-3700
319
-5054
-955
426
-1971
-3856
1753
-285
-1982
9
-376
-1761
-1454
-1516
-161
1255
1906
-1014
-307
-309
2007
-2453
-1111
-1752
1404
919
-76
2450
78
-962
-462
-5447
-1836
-991
-2813
-3078
-4608
-452
-1511
-575
1042
3964
759
760
-824
814
-1142
-330
-1024
-684
-1289
-1488
-2123
1216
-790
-168
-2593
-3882
179
338
-951
-560
125
-843
557
-363
-714
-1276
-2358
237
-1576
483
-967
2589
339
-618
-798
-1315
-522
-1063
-2933
-1199
-4749
1794
1122
-2002
-2176
-272
-2089
339
1995
453
-601
-429
1358
-2319
452
522
-3189
508
1666
-834
-858
-3629
1045
-451
-1538
-386
-599
-236
1083
-2352
123
273
-2467
-2303
-1987
-177
394
848
-1929
-2943
803
92
-556
-947
56
-374
219
-2744
-971
-2579
-2397
-446
-1723
-529
1339
582
-2565
-1750
2073
-1275
-449
-2312
1086
446
-109
-1291
3191
34
1380
-1886
67
-1957
-763
-1408
-1559
764
779
1644
-509
-3114
-1533
-1787
-1434
-1745
-1352
-1637
-1600
-675
1756
1562
660
-1817
1100
-364
620
-2419
-1995
-529
-428
-950
-2030
-1811
760
-208
-113
540
1083
-1266
704
259
1253
1133
218
-1038
-133
-967
-1243
141
-2387
1710
-607
-721
1161
-1074
-444
2089
-2897
-484
440
-2716
-1196
1490
-1156
-1543
-723
-757
-1229
-1012
-3697
-2262
-726
-3212
8
-1346
-663
-598
-2463
2134
1165
-2075
1364
-20
-2430
-1378
-1957
-1420
-2360
1737
-305
619
-2929
-2997
-432
-926
343
274
573
-2032
-2311
-1692
400
-657
-3010
904
-1507
2397
2646
-629
-1386
-166
-690
-786
-1969
-361
1554
-231
-818
-2278
689
-3065
-2141
-613
398
-384
-1085
-2442
-867
-938
999
225
93
1343
394
-2062
-1943
-486
-294
-830
-1640
-1242
2413
-687
-2201
-174
-132
1953
359
-1492
-3235
-1717
255
-1198
-1111
-58
-3440
-234
-770
-1041
1708
410
1906
-725
-831
91
-280
-940
-866
1087
-815
-758
-2002
743
-1734
-1981
-32
1571
405
631
-867
-1621
-1044
440
-2677
-1741
1313
-1641
1431
15
-475
22
1172
2035
-1294
-968
-770
-702
3057
152
1719
844
706
-2304
-3101
-1636
589
-2349
-1598
-1088
1428
-435
1983
1871
935
215
688
323
-2559
-2381
1119
-142
1429
-2217
-1252
-86
-1336
734
1762
218
165
-2713
-82
-2554
0
-2763
-1105
537
693
-410
1035
-1704
-1640
-199
-880
423
-1576
-415
-1356
1432
-883
207
-1052
-434
1031
-1533
-1493
-2813
-1249
1068
232
-745
160
-1009
501
1320
-256
42
-2943
-848
606
-138
-625
-291
-735
894
-1729
-1131
-1165
-826
1479
-135
-1443
-923
884
-829
488
-108
-433
599
-291
211
-2633
669
-2246
-1184
-1667
-1884
857
-945
-45
-820
-191
-1808
2477
-174
22
-484
-796
442
1027
1349
361
-359
-2575
-463
-1546
-2150
-131
-450
1749
784
-257
-1912
1690
-894
2954
-1178
-303
-803
-48
-1659
913
-3117
1974
-399
895
-207
-1832
531
1656
58
-694
-574
-503
-1383
-468
-906
-403
929
852
-2263
-3296
-2394
328
198
1786
1023
1134
-2464
-1635
133
3034
1044
-73
-5006
-1259
-146
863
3207
-399
-880
-1849
1001
632
208
-1202
-1194
-388
-619
-1981
-1565
-2020
745
2336
3073
341
-3454
-59
-522
514
10
-1506
-1553
-332
-197
387
-991
-324
-584
-194
773
106
983
-3955
-966
-999
-1214
1986
-2625
790
-1102
-1786
-632
1932
-1707
-3441
-1010
280
143
-8
282
338
262
-838
1186
-2013
-958
-831
-2305
-886
-881
-492
3144
940
-469
747
1189
-1648
525
-23
-1521
-2175
-709
1170
-1700
1787
28
-1847
777
-1391
661
-31
835
-537
-774
1121
-940
375
-589
-2160
-844
-1173
-905
-1935
-1302
1742
1356
-679
-2242
-1902
826
1079
-1678
-2035
-1354
-1284
-2799
204
783
-1953
1268
-1654
412
1555
-1877
-1802
-588
-664
-721
-1563
-1130
829
-997
-98
-126
-1516
725
-2881
-82
-176
1390
695
1933
745
-721
-3
-595
-2363
-1743
-754
-846
1381
184
574
778
-364
-177
-263
401
664
-2698
-1760
-749
-551
472
2282
-626
200
-465
1006
-598
-850
-1878
1900
-14
-324
959
423
-2239
287
810
-570
43
-3830
734
-1545
1070
1704
-931
44
-545
-189
1286
1464
-1225
1180
283
-33
-1927
-731
55
-185
324
881
1340
-541
675
656
1023
258
-1069
-1303
-1239
-1458
-1174
2274
-556
1246
1199
-438
1196
-2434
439
-417
-1366
-616
-141
-263
305
-1154
364
1327
386
-1124
-2790
-1203
-2010
886
609
-545
906
-440
-1048
256
-613
-1325
1076
282
1173
-88
-1603
-2354
-771
-382
1438
-684
-4
182
-84
-486
-2071
1413
-1338
144
-1301
-2001
1202
1411
1370
-1497
5
-1132
-57
-279
11
-352
191
-1224
-2007
-1400
-2424
748
643
-240
-388
-4
-628
143
-1458
-326
244
818
439
-958
-1682
941
1399
512
-137
1631
-203
-70
91
-1008
-1677
-1592
-416
1284
-272
-827
467
206
-1479
-1061
-82
139
-2483
-1110
154
1132
305
1235
560
-1292
160
101
126
-1473
-2157
-174
-1063
227
-1140
-141
-2536
-134
399
1023
-2675
-575
17
168
-965
522
57
-1094
-20
135
2278
-685
-330
-318
-723
-660
-2659
79
807
825
-937
999
-154
-370
-1045
-2129
-38
2255
-346
241
-1063
-1216
430
206
395
2320
948
-119
1899
-1520
-96
-1184
384
-34
-1327
-911
707
652
-1066
-117
1132
-411
2009
-1570
-411
-826
-768
637
60
-1183
202
34
845
-196
-1232
-1844
388
214
133
113
-3
-213
795
-863
448
-1668
159
-1568
-1476
739
-4
-674
-50
-1203
72
1145
-852
992
372
525
85
834
57
-119
-2126
-1608
473
-987
-1177
623
-541
606
2259
-36
-48
-318
-2149
1245
-1491
238
-794
146
-1415
-283
-913
-455
-221
7
1254
-513
-1524
540
-438
1289
479
131
-551
36
-1311
-1012
-678
171
-362
-419
1365
481
-331
-470
-1441
-717
-521
-1083
-741
-490
26
954
-126
-2249
-1182
1088
-736
82
735
1196
-688
499
860
969
-527
-1002
955
-449
242
-2787
-1746
-1211
-754
115
1078
179
81
-801
848
-115
30
-116
136
-1301
-37
-39
1102
399
-442
291
1296
25
-1346
-252
-2087
-431
-268
60
-360
-649
-394
-420
528
-2375
-265
129
856
404
529
690
-554
-172
-478
704
-487
-104
-639
-60
-249
-1054
-1321
144
-196
699
-45
152
-1312
-1470
1050
1451
-534
212
825
194
-256
-414
-1834
1004
-417
-406
-69
415
210
306
6
-536
-274
-1008
427
-333
154
-1062
-774
-866
478
974
131
828
90
540
201
-1456
75
849
-801
331
628
-664
-634
-489
-106
-138
185
-459
-1289
-411
1049
252
-413
-398
15
118
188
199
-241
-256
-678
-622
3
46
-552
-1292
-159
1226
554
-732
36
-703
396
1052
-1719
-130
-377
704
-351
-540
-650
1107
-170
-111
233
-387
980
-503
-903
139
-713
-651
-272
571
-336
638
-264
-950
130
-312
-279
461
-595
216
836
198
321
363
272
179
-255
-582
41
-177
347
-272
-948
776
-481
185
-357
637
-588
86
-335
-212
-380
-1076
1000
546
258
-793
570
408
1282
-947
-248
209
-1107
-77
286
-1009
-167
182
-120
153
-508
-424
-255
-487
267
48
-455
356
479
-412
665
422
-189
12
-163
-453
-300
-193
-219
-127
78
-198
-361
397
335
252
-694
-701
545
-145
-247
-1316
1100
166
-192
-286
67
1111
109
-80
319
119
-536
457
174
273
-1108
-9
294
142
-15
-275
509
-36
-149
258
231
470
509
171
746
-291
174
-239
588
-18
-411
92
272
-224
-442
-397
201
486
-92
612
-248
84
-419
169
178
-16
-31
-203
128
155
-42
13
48
-25
560
-201
214
-316
410
-411
-362
306
-275
-83
-331
62
177
-226
-140
2
-77
554
31
28
-196
-67
564
-10
88
-256
-46
217
-90
50
-364
34
14
-36
-39
-3
