2450
112568
155
2790
5
-4507
-2036
-2324
-1107
-1850
-1732
-75
-4828
-2254
-107
-1199
-811
-1288
1861
-612
-3865
3651
-4194
948
1113
-3401
-3221
-1653
-302
-759
1520
1481
-2988
-118
164
-2215
-2992
-4925
-2567
-2080
1304
77
-2632
-1054
2315
-2136
-781
-1696
-1384
-659
-4906
-2607
-3813
-3278
3571
-2475
-1934
-3576
-1923
525
-202
274
-713
2171
-3107
-1348
-1328
-2991
1638
-2426
476
-169
3735
2920
-1057
1324
-2442
-4845
-981
-2568
168
1828
675
3685
1764
527
-689
-133
1013
-276
-784
-4085
2365
-503
-3574
2782
-2308
-1569
-3419
-4064
-789
384
-333
-662
-2092
3322
-3729
-1727
-2933
-923
2970
-2817
-2408
854
-61
-1226
-285
-5328
-2397
-4679
-1884
-3344
2631
1685
-3476
1279
-1094
-3501
-2999
-1712
-344
171
728
-852
844
60
155
-4695
-4871
-453
-584
-2026
3042
-3360
387
1649
-2318
-1375
-158
-6526
-228
-1841
-4727
987
736
508
-3371
-3332
-4381
-2575
-1959
-5306
245
-1269
-1000
-327
-1397
-1103
2087
1800
-285
-2433
-5364
-4095
1161
-29
-865
1963
-2935
520
-1001
-3669
-4555
721
2300
-2370
-57
-1040
-758
-3530
-727
-3140
-3583
-2562
-2307
1151
2233
366
-1362
-800
-5269
-1479
-3625
-3744
-2675
1463
-3301
-2271
-777
-3042
-2861
-2483
-570
-3440
2665
2593
-1343
-1935
2124
-382
-2035
567
3050
-3260
-2905
-115
-4878
639
793
-1770
-925
2620
-550
762
-1000
-2431
256
-3694
281
-2868
1001
-569
-3368
-3583
1298
-215
-2712
440
551
1546
65
-134
-3292
978
110
-741
695
619
13
-1923
589
-2187
-1494
-1452
-2799
2279
1924
577
2408
-2575
-4470
-4810
-1448
-2457
-311
-1587
-888
752
-1960
-1927
-3560
-2707
-2055
618
-2046
-1744
-1376
-3756
2169
-1895
-2730
525
-1706
-1418
-4970
-615
-2984
-317
2207
255
-1857
-4503
187
-3319
146
2285
-1632
79
897
2826
-616
-2717
-1051
1237
-315
1324
-579
-2840
5507
-1105
1837
-1147
126
2890
1389
-2339
-795
293
842
-1420
-2247
-26
-484
-2426
-2241
-1541
3073
394
-28
1897
377
-3729
-228
-3248
-737
-2239
-2445
-3849
1095
1405
1694
1281
-1217
-1012
-4518
-813
-2361
2820
-1120
-2827
-2056
-2830
193
-423
272
-597
3802
-6756
-4065
2143
-4949
290
-633
121
716
-2476
-1159
-1961
-762
2934
832
-1677
-978
2456
-470
-2439
-750
-731
-3590
-1965
34
-614
851
667
-42
395
2505
-2566
73
-71
1399
-2988
-1764
2038
-663
-469
164
-1347
-315
4042
-688
-2722
-301
-2993
-1890
-2088
-1200
62
-133
1635
-2528
-206
160
-1126
-3643
-2411
1697
-1739
-801
-4552
-1188
-3381
-65
474
-3752
2709
-751
662
-1562
-1038
-871
1483
3564
602
-326
1032
3
-6518
851
-4170
-1166
-1346
1739
-817
-2313
-2279
-628
1257
187
1484
-3054
-3367
605
-328
-58
-1757
1254
-225
-711
-1188
427
-429
-1283
-609
-1076
-671
-563
-683
4
-2367
214
1360
632
669
-2372
-3405
1524
-762
-808
-2210
-2173
330
1009
1506
-2405
246
-2318
226
-265
3679
2444
-1977
2432
-124
-41
-1887
-2241
-4889
-2297
-986
298
-5142
192
1952
-2423
-1519
-5819
702
4
-151
-981
-3598
-1185
-2016
1190
1302
6
-1485
-3153
-1992
-1776
382
-1626
254
-1556
-3938
-1873
1424
-4636
-329
-130
-1344
1446
-2110
-1816
-1122
-2945
-1819
1091
-5244
-2360
-4582
1138
-37
-3802
-187
-1683
681
132
-1778
-1278
-1850
1044
296
-730
-2966
25
-3916
-2175
-1877
6128
1051
308
-2570
-1011
795
-721
1666
-790
-2192
-228
-130
-125
-1614
-2766
-1825
-650
1822
-1504
-1368
-1880
-2300
-2648
-1602
-2759
-532
-3211
-2712
-3731
-2681
813
30
-4856
2228
-1643
684
-635
-4523
2839
-236
-475
-1346
-1177
632
-499
-1387
-3612
-608
-5036
-2930
-1003
-19
-312
885
970
-1702
-95
-1236
-650
-3985
2391
-1615
196
-1136
-3048
-1876
-557
-4541
-1560
1038
-2806
154
-1970
-4145
-2679
-2475
920
-1376
956
-2705
-2291
-4666
-1108
-1651
387
-2640
-517
-3335
479
-1445
-2806
2037
-2029
-4260
-3148
1087
854
800
-6268
-3059
1025
143
4069
-2753
-1357
286
-2838
-1980
-3145
-4668
-2821
-1165
-2647
-2111
-2831
819
2719
2717
-2003
-1377
-4320
374
508
-711
178
-1832
-2033
1921
-2447
-301
1915
1344
-4714
-1986
3748
-1490
1887
2085
-427
3555
613
-1437
-307
-348
-695
-1934
-1766
1290
-4270
-174
-530
-2846
-3896
-2833
-5077
-3595
-2231
1269
-2338
314
1652
595
-1102
2411
1055
-445
-4336
-4439
-661
2429
-2609
-1633
-844
-589
1506
-2621
-2460
750
-3523
610
-1663
-3129
-204
-792
605
-1775
1168
1296
-3289
-2094
-1212
-5769
-2088
-2846
2080
-154
-371
894
-3180
1941
-764
-1481
-934
-2414
-475
-1260
1241
2063
-1346
1483
297
-212
-264
-1365
-1324
-1330
-1475
493
-1701
2828
-580
2257
1614
-1062
-1474
-93
776
2422
802
-316
3061
-3587
-2972
-3242
-4221
351
1629
-483
1225
-3014
-1230
-5121
-4908
-942
-532
-1539
513
-2370
1084
1453
-373
983
-4261
-989
-1309
4529
-2108
-4904
-631
1436
-1325
1088
-4216
-6326
-186
2131
517
102
1383
1832
-675
-1789
-4710
-571
-543
-2458
-2368
-416
3317
1207
-2179
2568
-18
2532
-109
-1009
-2728
-3621
-786
464
-723
-167
-981
-4063
-1652
-3375
-2841
637
-1196
-2810
-3116
2451
1306
2077
-1015
-2740
-1221
493
568
185
-330
-1495
-1993
-1588
-2029
-170
-2028
-1194
-1841
418
1137
579
-2677
-1425
-2580
-358
-1612
1723
-3370
260
-18
-2372
-462
-2578
-2482
-2158
-3095
1149
-3560
98
-1061
-3346
-160
-3470
-2361
-4730
-4529
2460
-416
1989
2744
-2694
711
-2293
-3141
-37
1618
47
917
-2157
-117
407
1010
2246
1157
-2453
-1144
-2059
-3922
1419
-2722
-5026
-85
-173
-1285
-5223
-1474
-1095
-3396
1751
-1155
692
974
2449
-4313
-2373
-2301
-1321
-2127
-64
3027
-1367
572
278
-3151
1298
-1771
-710
-3921
-1552
-2376
-1910
-2427
93
-754
-1604
-2306
-5304
-1925
-2075
-3673
-2833
-240
-1089
-1460
-4592
-1768
-1628
-982
628
-2012
-98
187
160
-2395
980
-1664
-2682
845
635
-2417
-554
-636
-781
292
-852
-658
-5900
-2993
-1653
-878
2444
-2069
2442
1963
-3927
-46
-875
-271
-2531
48
1085
-996
-1309
-719
-1652
969
836
148
-179
-4876
1818
-1871
-2766
-600
434
317
-665
-810
-3659
-108
-1454
-1304
-1487
716
-1398
-2760
-1509
-3870
1263
-2863
-1504
-94
-2410
-1520
699
1656
-1875
40
-4810
-2428
886
-1548
-1661
3970
-3330
4245
-2878
-347
-471
-3845
-543
-1303
-1055
1601
-553
-5472
-5437
1630
-530
-1189
-3683
2235
-170
-1105
-1162
-1123
-3896
-1102
-2317
55
-571
757
-216
-766
1505
-2631
-1848
972
3319
-424
1338
-418
2830
2375
704
2016
-1591
-934
-3879
-727
257
720
-1891
-113
-2508
-1879
1553
-3874
-516
-3227
-487
-214
-3239
-3200
-3041
2320
-2776
-272
-2739
-2343
-1206
-1180
1259
-5264
-2193
-70
606
242
-1403
-727
-2523
-865
-1180
-506
-1161
1253
229
-322
1697
-3072
-2047
-226
-1915
-4368
-158
-1096
1514
-2468
-2124
-1027
-1386
-476
-2586
-398
1054
752
-1100
-1768
-827
1631
1165
667
2196
358
-2353
669
-1736
1759
2064
-4669
552
-1635
-1242
585
-1001
3268
-3155
606
-801
3441
398
-4613
2159
-1271
1083
1846
-3169
-545
1356
-759
-3931
-3543
-253
-3763
-1301
-3657
94
2606
-1306
799
-2611
-2734
-12
-2582
-2542
1844
-2178
-1812
-2637
-1084
-2121
-1794
694
-2169
-718
-2992
135
-1059
1023
1809
-1393
941
-1939
-928
-2322
-2464
-211
-263
450
-189
-1577
-2385
-1891
-2043
-120
-1296
776
118
-627
255
-343
-599
329
-2048
1381
-647
1116
-260
-2969
-376
1331
-1214
-1742
-1088
-850
2144
-2050
2391
-75
1611
-1243
-2315
550
-714
-370
-2085
1015
1506
-1456
1943
519
3703
-1934
-2324
-1222
-1972
-2212
-242
-2332
-497
-2007
39
-854
-2272
78
2363
-3191
1986
-838
-696
-1768
-894
-2882
-1989
-3977
-1336
-1162
-1844
-2499
-433
2667
1022
-2335
2898
-1779
590
414
641
-28
-1100
74
-1136
-2344
-65
-1981
-2071
-1840
-325
-950
699
3667
-2111
-2666
-864
-1135
-2057
-64
2505
1835
571
-68
-1199
-1459
-495
-2251
-1077
-753
-66
-2964
-68
1217
879
-2178
-189
-4351
-1704
1387
384
-1512
1745
649
-716
-1003
-339
-2405
-41
-2189
-957
612
271
-583
-3071
-3852
-4128
439
-459
1681
-1094
645
-2889
365
-2034
1144
-999
44
-1365
-2341
-1074
-1066
154
252
-750
-1143
-77
-1308
-1333
-640
1063
-635
-140
-622
-155
-797
1259
1107
-2041
1160
-1131
922
-404
-550
-782
423
-2690
-871
-910
-327
-1050
-564
-487
-2392
-2160
283
-1207
-71
-2544
161
-1594
-583
961
-460
-3109
480
-1299
-1608
679
-1977
-1566
-2695
-2154
-2538
-2010
695
-2581
-1050
-1975
-513
-1541
-1968
-805
2656
584
882
-3462
-2269
-3500
-1417
-2470
-1758
4023
279
-760
1745
-780
-2028
-503
-2950
-2010
775
-2113
113
-1020
-2003
-1438
536
-419
-986
648
-1169
1681
-260
-120
1450
-2192
-151
-2794
-872
-3067
-645
2016
-1515
-1146
-258
-30
-278
1515
-110
-81
-2299
-591
-2979
-1542
133
527
1462
-722
2508
-1079
-523
838
-1268
519
-669
-1232
-1182
-2073
-2991
-2039
-971
195
-391
1157
-2256
288
-518
-2725
-2066
-563
33
-110
-745
-1105
453
1331
592
-2752
691
-163
-431
-1163
-1084
-1053
-2352
1492
-279
1512
-97
-1009
-3419
-3291
-1297
-2207
-1532
-441
1246
-2145
1518
-195
-2167
-996
1824
247
598
434
-534
-2437
519
-1984
-1575
-2024
-816
-270
1591
-519
-362
-1039
558
1813
309
-396
2074
-1190
-593
-389
611
-96
778
-1953
-1369
815
1383
339
-939
1130
-3148
-45
320
-370
-79
-1784
712
1329
2244
218
-185
721
-2018
-1700
-2398
-1616
-382
-1356
-147
-662
1527
-221
-2541
1550
749
-72
-328
541
-1220
-444
1795
-1348
630
869
782
-123
2155
-2060
72
1959
1618
1105
-1342
-645
-1375
-1892
-3729
990
565
1026
1011
-385
1215
835
-451
-871
-1329
634
-473
368
-954
-1266
-2174
1619
1340
39
779
-2750
-487
-616
738
-88
-660
2250
-2303
-398
-346
-469
1767
980
444
-1716
-2307
-548
-3087
-1882
-443
-548
-1384
-2042
228
-2682
1004
-215
470
1552
271
-1754
-2057
-2048
1390
-1255
-817
948
-2811
361
1237
-126
-1456
-643
-2654
-570
1317
-1641
-1115
-1560
-2611
-2625
1448
-995
760
572
249
-12
1091
-140
-405
164
416
1530
1669
-299
-582
11
-881
-1582
398
636
125
-1647
1881
-3220
-640
-2008
-460
250
-3184
-29
-439
-1658
-760
-198
498
-438
-1612
-628
-615
-596
-2026
-34
1059
-942
-670
-1130
723
255
633
-347
-433
-921
441
-1059
-1285
889
585
-631
-2346
-383
-1630
-561
22
-2354
2199
-782
176
-343
-103
-1582
-196
-805
-616
-1190
73
-1919
-243
1055
-960
669
-1598
985
1074
-748
1926
1028
-1037
-297
588
1074
-1729
1823
-739
-1216
439
-655
-1687
686
283
67
905
-2149
-1073
375
734
-354
2012
-370
-1579
467
-118
-1879
-233
-853
-1765
-91
-74
-1534
-885
803
751
-227
-496
1535
990
-1223
-312
-2051
-395
650
-43
-875
285
-641
-59
-244
1025
-362
2316
-528
942
71
-908
-1
-622
-1337
-124
-1221
-1274
-555
-1287
249
-157
-1674
-854
457
536
-553
-770
-1894
-1960
-1127
-291
302
-1094
1156
-1035
-1069
1404
1114
-468
2337
1230
622
-765
1033
149
-1825
-634
-223
-1896
614
-1782
499
-3242
3056
-48
-125
1434
1064
-771
861
-435
-808
743
218
-1358
-1418
220
-2824
-64
-2059
-448
996
-343
586
0
380
1120
415
107
-941
-553
-1702
1164
-503
-2106
-1413
-1956
-1647
751
-218
-529
-111
258
29
762
-1295
868
-957
-1984
-273
344
72
-1089
-1089
-645
-279
695
-135
-472
521
-903
1319
298
-973
243
-785
-25
411
-884
1055
669
852
-1772
-1570
280
-1047
-33
-151
-1493
-395
-142
696
393
-980
518
914
-493
-144
-158
-1501
-191
-563
626
1058
-279
-750
-842
-211
-1502
-890
67
-333
-1533
-406
-68
-2009
-595
686
-1020
-433
-1276
-1628
758
-1079
1557
606
-1189
-1350
-1776
110
-529
-978
314
-691
-850
160
-370
502
441
918
560
-357
194
255
1671
183
-620
396
429
-159
-2482
1195
59
6
-986
-802
-1228
-1011
947
534
-8
1867
306
-23
83
-131
-477
-469
-961
1078
-2195
-440
-564
-1064
-661
861
-1307
503
876
-282
467
691
1262
-346
848
-691
187
412
-542
264
-1084
-906
322
-1710
-91
334
-1745
71
50
-862
-488
-779
-1093
-286
2037
96
1209
1675
-2026
-450
537
1410
516
485
943
837
822
95
792
-1951
111
-1183
-621
19
2159
-840
-591
-544
-1386
207
1618
1835
1455
814
-308
-1156
-467
-737
-93
15
-1867
423
-391
-1306
1025
107
218
-179
567
674
270
1054
98
385
-272
-371
1100
-824
-468
-641
189
-556
-349
-334
-889
-240
-422
-1338
-4
541
-552
546
-881
-258
57
-333
284
-512
-497
-836
206
-384
446
163
-634
-402
103
1003
-581
-579
-928
76
-623
-2016
-1010
-625
-286
401
708
210
-199
1249
-1456
-12
271
390
-375
116
-968
-44
535
28
-555
1437
706
1135
1249
-2230
1901
-394
385
-620
-1497
500
-60
-127
92
1127
-202
626
37
-856
-825
872
-722
254
769
102
-522
641
-231
-172
33
480
251
352
-1328
193
-2061
-2183
-41
-897
441
-473
556
-967
783
-67
-654
-284
-2111
-845
-219
-24
-275
-228
-721
-866
-440
277
-346
553
463
1094
-359
26
-543
-704
806
-450
-848
-79
569
-115
-833
137
970
-670
259
-855
91
-300
504
5
-126
213
-549
-412
1136
752
667
384
33
160
-482
187
-1618
954
255
143
176
-857
-549
-1030
104
-607
204
361
177
-1003
-344
210
106
-842
449
-593
-596
-288
-132
-779
-534
163
-1475
-698
-393
85
54
515
237
-40
-532
189
-154
559
404
589
-63
-656
59
-562
142
-50
206
-404
62
-177
-442
-43
-135
-254
62
-483
79
1
-766
1233
857
461
-106
537
263
-693
-202
95
105
323
411
164
-738
-93
-28
98
-416
-965
34
-183
-11
-951
-117
436
-179
-786
65
45
114
-13
178
-325
-295
-248
-369
-466
-671
-138
-221
-754
-659
-388
230
-136
-314
-158
416
214
-169
-50
66
-336
420
108
642
-170
197
136
-55
-402
-234
60
-116
-417
-172
-111
189
-71
-321
-82
-27
166
290
232
48
234
292
208
32
-54
272
125
13
16
128
55
52
-257
-173
-5
9
23
-96
-63
0
53
-41
-19
-94
47
