2450
2456
-1837
-312
707
566
996
-1393
-456
1796
2594
-181
-1162
-363
-1158
-1349
-2167
-2000
-36
-2480
2562
-2109
-2037
1307
1050
-848
-2457
-2950
-763
1730
-316
-2402
1835
957
-285
201
160
779
880
-1849
1811
-1820
-532
-1585
-1366
-2947
2570
122
-215
142
-979
-1005
2930
-157
1482
1020
1774
-1364
-1296
1304
-1892
2003
-1982
2720
1336
-2194
2119
2591
386
-607
-350
1211
-1439
-2828
2688
2978
1677
2937
-74
-2232
-213
1456
1041
2244
1550
704
-1351
-981
2015
-684
-2517
2194
-387
-1967
-2974
915
-781
-743
-351
97
-1199
-130
-2962
-1971
-1178
1467
486
1208
1828
2112
-2293
944
1518
1213
631
-2770
-1829
-1015
858
-1695
-2538
2884
-1759
2900
663
-1512
108
1277
-1440
-2311
299
-1686
-1126
2839
-1144
2678
-536
-2937
-1139
-2068
2965
-298
272
-1426
2296
-2381
1942
-436
2523
169
2226
-883
-599
588
2470
-2202
-2746
-593
575
2519
-1237
271
1691
-1035
-2428
-349
-2825
1053
-2330
-1802
181
765
-758
639
2079
1212
-642
432
-1501
1365
-940
-2528
-1186
-1197
-2860
-1943
2166
936
2140
-1374
2376
-1747
2786
-513
-1622
1911
-837
10
1487
1992
-633
-2420
-1407
1752
2622
410
2629
584
2928
1575
-1886
101
841
2214
601
2999
-2224
-1239
-138
-2222
-1631
-1913
1033
-1045
1744
277
-1616
1121
-2705
436
2963
-822
353
2564
-1440
1995
-1949
2280
-1322
2097
1841
-1865
2872
-1477
1672
1865
-12
2495
-2394
-2185
2150
-2888
1370
1900
-2302
-68
-915
1644
-1288
1947
-1961
2182
2557
-1853
-2697
291
-2942
1971
2452
1232
-1540
536
2634
2374
638
1755
2018
361
-2995
-1492
-408
-416
2252
-2594
-960
-1937
-1523
1367
-1270
-1575
-2162
-1675
1906
-730
994
2615
-441
631
2818
-812
987
-1111
2315
-1226
-1227
2443
-42
-1757
-2845
-1978
-1185
2769
1702
1040
2045
-474
1223
-112
1924
-375
2160
-2946
2977
-1348
-2798
-2087
-122
2334
-1299
1705
-1977
1388
-1520
-2508
2118
1120
2749
2911
209
2436
-140
2339
-2856
-2227
1444
-653
-638
612
-2856
-673
-2659
1138
123
-2543
-562
-418
956
-1689
-2513
-193
1373
684
2404
-1483
-1679
-1585
1861
1215
2272
1267
967
-362
377
2942
2744
-979
-2067
-497
327
-2821
2201
2367
-16
-1744
1330
1199
-235
-1976
1767
2331
-2144
2639
-2998
-367
-2932
-1592
1242
1165
-1409
-1040
-2440
-2750
1556
-1050
131
2712
1014
-161
897
994
-1619
1830
17
-395
1255
332
-1469
-2548
535
1046
529
203
-164
-1057
-414
1590
2979
-1409
1753
-2192
-2786
-276
378
-1614
-2131
1063
-875
63
1169
572
37
1659
1112
-1083
1993
965
523
-2885
2022
-2316
2043
-975
-423
1763
-2150
649
2584
819
-2713
1191
-1457
1146
-820
252
-1667
2433
-758
-2527
-2814
762
2622
-1080
1472
-1266
-2253
85
-674
2872
-1249
555
429
696
366
-1320
-2088
1399
-2761
1810
-561
1981
2827
-465
-2676
1723
781
53
407
-1144
1483
-980
2301
-998
1777
1829
-2698
-584
2792
-513
-1016
819
2149
1730
231
1451
1439
-331
2103
-32
2689
1787
-2201
-1573
-2233
205
-2659
-188
2897
1094
2226
-22
-1274
-1901
2768
1538
2703
1028
-1883
-1260
-2650
-2735
-1322
-1977
1063
2415
-888
-2399
1759
-189
1125
1099
-471
957
801
151
-1852
72
1490
-481
1425
1119
2735
-1152
-946
-677
-2842
802
392
-806
-471
-226
-1113
-1646
-2304
-2196
2680
-45
1490
-1134
-2953
694
-854
893
2076
-2391
530
495
131
-272
2801
-1906
357
759
-2819
854
2029
-629
-375
-2490
489
2231
-1758
-2432
-1872
1008
1395
787
-190
-1113
849
373
983
-2250
1045
1082
2581
1973
-1931
2696
-1802
-1693
-2948
-1196
-1353
519
-620
-1881
-643
-2072
1994
-2101
1078
1501
-2910
-2146
-2816
1853
-2717
998
-263
1818
-849
-2847
-1688
1266
294
2219
1434
-2380
2829
1433
-2916
1075
-86
-2791
-2313
-2540
647
-1599
-2147
182
2582
702
1140
-1593
-1758
-2775
981
44
-85
2171
2794
1559
-1519
1058
1556
518
1935
2562
826
-2886
-1893
-2839
2610
-93
1769
-258
-34
-445
2351
2246
799
-1246
-1249
-1526
1227
1648
1936
1838
-1477
1803
779
-1610
-713
-280
4
244
-929
-1251
1222
2605
566
559
1433
-764
-280
57
2573
-295
825
-243
323
-2752
1814
1030
-1798
-2912
1579
406
926
809
1406
2324
996
-2275
1283
-316
846
894
1071
-2647
-1656
-1992
2572
92
1041
1007
-2511
-1649
-1294
2483
-1625
-1508
1058
891
1223
2023
1364
-2883
503
2526
-2449
328
2585
-1803
152
-2239
1493
-1111
-1876
2883
1277
1954
1100
1137
186
-1866
-41
358
1970
-1782
167
1847
-869
287
1305
-1784
863
-2999
80
419
-2957
2355
2000
1651
1729
-758
-2086
-886
871
2592
-2440
1433
-2668
1543
-219
-2729
2053
-2011
-2309
-1370
-1113
637
1065
2926
2960
1546
-1349
2725
-533
-1700
775
-2910
-2740
-1918
-1797
1317
-342
2073
-661
2026
1491
504
-2036
174
-223
-722
-2440
-1445
-984
-749
-2122
-1099
-1312
1921
-947
2233
-1391
1653
656
-2892
1210
-2905
1104
2268
-409
789
517
-1635
1708
-1274
2547
-1209
218
-998
-1576
272
-2353
-2177
-2433
-1134
1876
82
2199
2883
-1040
-1682
110
-881
2157
-1439
2063
497
1317
-938
-2944
-1845
45
-2854
301
-1342
1178
2289
-2851
-952
-471
-2519
-2523
-2565
2403
2816
-652
-1118
320
1753
1790
2180
1788
-2961
2520
-2892
-2823
1269
231
148
14
-2605
-1619
-2297
2939
-2576
-2639
970
-935
-2228
823
1479
1832
-1385
-396
-589
649
1621
2647
-2211
-1465
-730
2963
-954
2398
-1575
-1679
2947
2707
830
25
-851
1611
1707
-2826
-2685
-1059
1799
782
2897
-2050
701
-1147
-2489
2261
545
-1181
-1991
-960
-2595
921
-1534
1548
-1205
-487
-2665
-2814
-1880
-1374
-2602
-999
-2700
-2392
-2568
2428
-1129
551
-734
2710
1455
2323
594
1138
-653
-1660
-2212
-1965
2632
-2793
2278
134
1850
-314
-920
1543
-838
340
2333
2041
-1535
-386
1972
-2083
1548
2260
13
422
2109
2908
1742
-895
12
-1468
60
-2528
-2664
810
702
-2511
658
269
2136
857
-1370
-2359
-2636
732
1195
-1350
-468
-805
-2507
-2581
-2274
1068
-1686
-1576
-2948
1363
367
312
1454
1948
-639
-2184
-1825
1322
1018
-2640
-694
-52
1645
-2113
-86
-2568
1725
-637
-1583
-2516
-2525
2565
-1771
2740
-961
2760
-941
-2619
675
334
2439
-1792
1727
-913
2833
2017
1271
-1710
-2907
-1739
219
-2349
2123
2466
-997
-185
-2982
-1134
-88
-1427
1099
2468
424
-1408
2571
-2614
758
2690
99
2741
-1367
162
2468
-1711
1961
-2170
-373
2252
1226
-17
658
-2533
-1551
-2845
2079
-2910
303
-2281
528
734
1483
-1140
2500
1694
-2393
-1313
2446
-2333
1739
-2386
1608
973
1639
2592
-1938
-2877
2002
-160
-2348
-2465
-2309
-1992
2836
-1283
595
2114
-1531
1364
-595
-1136
923
-649
-2283
2872
110
47
-1049
-1816
2178
-1392
233
309
2780
-1382
-1405
-1140
344
-730
-1525
1058
-1432
2769
-14
-433
407
679
1842
2285
-2040
-2464
-1121
645
-727
2554
-2657
2965
1002
703
-2112
-2826
435
-2820
1270
-1715
-1468
2752
-1908
1791
-2759
-1145
2803
-1398
-2268
645
873
2247
2384
-2680
1558
2154
-109
-2549
-2455
-1798
1670
-556
1963
-2112
1398
-2100
2031
273
2768
-2547
2604
-843
-2598
2796
897
-476
579
-917
-1694
-2772
-2079
-759
2261
-353
827
-673
2024
1598
-2246
-2444
962
-733
-2353
743
730
2470
637
-87
461
2893
112
-907
2898
2953
2377
1450
989
1401
-384
-602
-1692
2290
2653
2694
-2361
-2652
-2017
165
-2581
-2939
-2449
645
-2663
949
455
-2556
-1550
-892
-2239
1437
-325
-2894
1091
2285
-2161
1866
-1482
-2853
185
2610
1616
-571
1307
-112
-352
2655
473
1702
1289
-2147
1158
-638
-2233
846
-14
-2616
142
-1112
2130
-2945
-1784
2284
-1691
-1093
-936
1801
427
1880
-2482
-1847
778
-2616
1458
621
1791
-2036
1428
1543
2288
-424
-1875
-1181
-1075
-347
-828
754
2633
-1278
-1532
2526
2558
-1140
-2541
1686
-2215
-231
-358
631
-2237
595
-2207
-2307
-353
-1373
2665
100
-328
-1148
-182
1677
-1987
-2865
1253
631
-517
2489
-136
2498
-18
2566
1222
1168
-2972
242
-522
769
262
-1704
313
2177
-2970
-2249
1651
-2877
-2144
-1077
2429
685
-2904
-1131
-1843
-1347
-2839
1984
1586
1327
1937
1588
-2276
-694
-2832
-2992
-2958
-1993
-2097
93
-486
563
-1338
557
511
-2270
-2528
-2807
-1990
146
2049
-1161
-1853
-2609
2677
-1531
753
-1759
-1549
1461
-2063
1940
-2436
2879
920
-1295
2204
-2819
1566
2378
714
1325
-216
1554
-2957
-1839
-2451
-1992
2654
2097
-2176
965
-2769
-2111
-1891
873
2140
2121
-35
1686
-1352
2805
2944
-2493
-1021
-1390
-1704
1603
-809
-2075
-2009
2361
2675
105
-2889
-484
-2267
2712
-1378
2362
2372
1654
2453
-2899
2756
-2548
-1289
-71
2824
409
-1356
-2225
-2068
-1387
-396
-624
-448
687
-319
-2927
-2794
-607
2877
257
2475
-1055
-1256
2274
1675
-633
2294
-445
-201
-450
-268
1173
-2426
1401
-2219
-20
-1442
551
-1634
2731
-2621
-1900
746
-1251
-2176
-1866
2740
-1220
-1576
961
-2974
-2530
-1142
-1656
1172
1202
2111
355
422
186
2154
-321
-699
573
-1169
-2393
-768
-1667
860
1660
-419
727
-1325
-131
-1111
1964
1459
-2134
-2590
193
1464
2015
1324
2326
-2022
-1792
2292
-228
-1877
1350
2302
1789
2058
229
-1742
183
2060
-1707
1301
2177
-172
-236
2656
771
1839
-590
-1071
-727
1314
-1841
-60
-2275
-2160
2684
786
-368
1247
178
915
1670
709
13
-87
-2339
2500
-404
-438
-2824
63
2783
-1347
1461
-2299
1616
1595
245
-1984
2581
-1750
-2881
610
645
-186
578
1341
-551
586
-445
-2268
-900
281
-2237
-2511
-1263
1061
-257
-4
-2649
-2558
-972
-983
2910
1510
880
2298
72
-742
2303
-1525
-2015
952
-1466
-2054
-1340
-1207
-2964
-1628
1021
2890
-1463
716
2831
-46
-1193
583
261
-2221
314
-2105
-1448
173
1881
1312
5
2364
2705
-225
-1274
2559
-22
2264
-1720
-2313
-2254
445
-201
-755
1528
-266
1237
2578
1923
-2760
2798
2328
833
-2934
2864
-686
-602
62
310
2754
2133
-139
2267
-660
-2705
-1155
-1078
-232
-71
1241
-796
2649
-1390
1473
2455
508
2440
-2659
341
-2982
-2081
-555
-1599
212
-1130
1252
523
-1564
-2615
-2979
-1865
-52
699
-2263
-2201
-1114
-2472
-547
-1306
784
-1681
926
-1839
-2432
2511
350
-494
-2337
317
-2332
-1583
-2168
-1030
-921
2573
2330
1741
-2553
-481
-619
-522
2844
-1572
-2348
1801
-2731
2760
1810
2764
1595
650
2935
376
-24
-1481
-1824
-43
1266
2926
-992
-1679
-928
-2450
790
-730
2325
-440
2345
-1654
1782
2150
-437
534
-2449
-1496
563
124
2485
980
-2
809
-2481
-2755
1510
-1057
-2601
2540
-2673
-2592
442
-364
-2835
-2701
-1568
-2236
782
-141
-2340
-387
2412
396
1384
2886
530
19
190
638
1586
604
1336
-388
880
-1939
2259
-1489
-861
-1179
2807
-1846
-2412
1163
-2423
-1803
643
1259
2344
616
2175
1056
1710
220
-2973
-1808
-367
350
-689
882
515
1598
-1952
19
-703
2864
2617
2357
-338
1510
2457
-760
-2302
151
-953
2097
-1882
-1747
183
-2494
-1555
808
-2333
645
2339
-55
-1118
1573
2728
876
-88
-370
-1881
-341
-71
2167
1299
722
-2461
-2329
454
-230
273
-2771
476
774
-108
-2036
1527
1761
-1251
46
-1572
-1843
1853
-2599
-1824
2849
451
500
2701
-2399
2273
2349
-1715
-1998
877
-1917
-2300
-807
-585
-2461
1103
282
2916
-1723
2514
991
1461
-729
-151
-2362
2303
-329
1010
1370
-1286
563
-776
1774
-2558
2957
1657
-2955
2334
2185
1186
2310
-206
-770
-2501
2984
2219
-2999
1080
930
-529
-141
-670
-287
-2839
-448
-2365
-2741
337
668
1433
-1458
1358
1280
23
2357
1677
-30
1570
1003
2869
-2297
2216
408
-2279
2822
2040
-2626
-1331
-542
761
2515
-509
1270
2826
-387
813
2410
2230
-2143
-1796
726
1651
-1519
-783
-953
-261
-1975
1474
-2412
2342
-2507
1690
2093
-294
632
-873
1555
537
670
2060
-258
2297
-38
738
373
1330
281
1707
-321
2472
-2480
2994
1366
351
-2143
2026
1352
-495
-1360
-1111
491
1137
2184
-1734
41
-449
-1561
1546
1752
-684
-1091
-114
-1328
-2051
-627
-1287
-1541
856
2742
-1881
2458
413
-1838
1226
910
-1008
130
-2851
-2866
1792
-2353
1133
1651
1749
1257
2680
-1211
2975
327
937
2673
-1652
2890
-1976
2647
2742
-1949
-2674
-1390
277
1652
623
-1103
-399
2057
757
-1364
88
2331
-1954
1921
-1912
-2416
-2812
-2938
2805
2329
-2701
1022
2860
-1678
-2495
-846
1400
613
-291
2477
-2980
61
-2133
28
410
854
-1758
-958
-1035
690
548
1128
-2001
914
1612
-625
-622
1153
-1573
2694
-2185
70
-2751
-1125
-1069
2690
-1755
-63
-331
1926
-2895
1732
245
-2727
84
-326
-51
960
33
1452
2664
1796
-373
-2458
2602
-729
1554
1823
1826
575
-1050
1491
-141
94
-119
-455
-1943
-1316
2267
2244
-62
638
1307
-2159
499
-1829
-2619
-2616
2640
122
-2099
880
503
-1125
1033
-617
-1682
-1555
-681
-2798
-919
313
351
-2599
492
-144
972
1717
-1859
2770
211
2488
874
-2079
-2686
-2909
-1821
167
-2113
-2561
330
2888
-2022
-2060
-2017
-2529
1311
-322
61
631
2299
-2268
-1258
-2625
-2138
-2592
-1889
1613
2387
110
2068
-1627
-429
-790
1177
2667
-1692
1519
120
1561
2286
-1575
2639
-2837
370
2343
-1998
-448
-1038
406
1962
-649
729
2791
1971
1881
2731
-1901
1023
1414
1918
1087
-1019
-2791
-2278
-1297
2030
2409
-300
2932
-2797
2157
172
2853
2264
-2031
-879
-2651
-335
-353
-1039
2487
-32
1262
988
1991
-1451
1616
-536
-2666
2224
2834
-2298
50
1534
-2340
-2796
-353
-2221
2830
2641
2599
2903
1159
1215
-772
-2615
-339
258
241
1718
609
2683
788
2274
-2263
1882
2866
-1612
2477
1059
1351
1115
1781
178
1528
22
2443
-2258
2114
-1949
1585
-244
637
-815
-588
1381
2731
2273
659
2807
805
1664
2392
-1640
-2392
1970
-453
1363
2621
-1220
-1126
299
316
843
580
-2032
-492
-785
-2518
-1582
2967
2456
1745
-2189
303
-2676
1060
1934
2469
-2116
-1170
1680
-76
296
2270
2930
-2885
-892
208
1487
2821
1171
-1360
2707
2447
-255
1400
350
2964
-664
2291
2360
-684
1366
2476
2425
-2511
-2799
435
-2944
-1810
-2875
1754
-1855
2713
1622
1900
-443
-1198
1082
2152
2231
2383
2062
-89
-68
-2607
-258
574
-2339
-937
-1415
482
-387
-509
-2674
-1441
-1534
1255
