2450
-16252
3146
-278
-3317
-4775
-2500
-2077
-4966
717
-1069
-3880
-155
-3298
-3120
1698
-873
-4749
-3314
-2406
-4772
331
-6211
5024
493
-3953
837
-300
-1548
4161
-1564
-2558
-2738
-2533
-4829
408
-2074
-726
-843
-2195
-2638
-5209
-2802
-3231
-1278
95
1691
604
-3079
-1385
-473
-1857
1944
-4140
2417
-709
-4392
-1693
-643
-480
898
-1153
-2103
-4717
-938
-545
564
-1034
-14
-2907
857
-286
-894
-1831
-619
-513
-3432
-2960
-1053
-1247
-3956
706
-1014
302
2269
61
1590
291
-2263
-702
-1730
-1743
-3282
-4851
-5091
1007
-1265
-130
-572
190
-62
1112
-4057
-1372
235
2660
-2246
-2987
-1273
-943
-1032
3451
-6652
435
-1359
-1687
-1240
-2332
-923
-1054
-1146
-757
-5016
-1891
-3081
1266
-1062
-4339
-348
-642
-738
-367
-3030
2929
2637
-835
-3181
-7186
-3468
-4768
-4692
-977
1213
2103
1191
-998
-2305
13
1893
-2119
-2626
-4493
-1959
-2407
-2030
-3846
260
4108
2622
-1399
-6662
-3285
-636
-531
1530
626
-1328
-1455
-3230
-569
-323
1291
-458
254
176
-1546
-585
-3619
-1171
-151
-2573
293
-3171
186
-870
-849
887
-2659
-3210
-186
-4255
269
-750
-734
-14
-1064
-3356
-2829
-1448
-1354
-1177
1347
-2163
-299
-1453
-3104
-1707
1157
-2910
3930
-2744
-3195
-5640
-2825
-1552
412
-987
-2926
-2273
452
-622
-2346
-2239
10
-1218
-1399
-2017
-5103
-3382
-1522
1815
-10
-1021
-1359
-2510
283
-1588
-1260
2015
-329
-1988
-2920
-2135
172
1075
-2169
1278
-732
961
-5321
923
2857
-1613
-646
-2415
-3270
992
-6417
-2030
-831
552
2699
-1798
-4171
-741
-1343
1676
-4336
2152
-306
-4330
-2232
-1792
-1090
809
1913
351
-2930
901
-3589
939
-1735
-6375
-321
424
-1116
-1344
3272
401
3907
2835
-3675
-3087
-2856
-2181
2943
-1610
-1692
184
672
-2313
-3383
-1263
1077
2304
-507
-2023
545
-2587
-992
-1737
-1027
-2245
2640
2221
-206
-2706
1920
2845
1618
-190
76
-2781
-986
-2280
-3072
1069
1081
3337
-2923
-4422
-6214
304
1246
1594
1687
1672
1291
1092
-2094
-263
1616
3714
1620
-259
-3591
-512
-1390
-511
-1264
-100
-793
658
-2481
-406
3129
548
-629
-1128
-638
-3084
778
-1189
564
-543
460
-1742
-5671
-678
-23
809
905
3449
3269
-1804
145
-2371
1095
3826
1309
489
901
-2715
-760
-3307
-1658
-2093
-938
3591
3218
-693
667
-2425
4096
1845
-88
-2027
918
656
1337
73
925
-2021
-1076
848
-2125
1967
299
3563
-120
-1566
-4283
285
844
-1722
211
3040
446
3723
-1915
-2045
-1797
2654
2514
1214
-1930
-232
-2666
3490
-2116
-699
190
-2498
-1019
-2212
-30
-1177
1265
2662
-226
2677
381
2343
909
888
132
3610
2051
1965
-558
25
2340
1965
-90
-2848
-3275
-223
-1567
423
2200
3758
6708
-1571
-3205
-2661
-1669
1328
-694
1412
-517
-1387
-1764
-3958
-188
2002
2297
448
-2077
2546
-2061
-3203
2324
-999
3178
-1782
-886
-1525
-2090
-3788
-601
79
2675
-758
-347
-3537
1571
4295
-735
-840
-1705
-1447
-3021
-4551
-1396
-119
3356
1504
-666
-2746
-3356
1852
820
3816
2264
-62
-845
-4402
-2298
2116
-1884
674
215
2418
2133
1917
-390
4186
2685
202
-1078
-285
-3309
2062
-883
-238
-912
3104
937
-224
-4682
-1947
666
1891
-542
482
2229
2734
-2162
1709
-1677
3432
2240
-2496
-3651
138
728
-1271
-422
249
-444
55
284
-1967
3924
1250
2350
-1000
-2686
587
1221
998
-814
-1465
1158
-5003
-2272
904
2054
617
2806
1618
2223
3475
-5194
-3350
913
-2305
-1853
-347
-1138
4148
2765
961
984
1409
1970
-773
-5867
-2392
-2976
728
-707
377
-701
2110
-2727
-138
-3842
1899
870
-2472
-371
764
-1894
372
1146
-430
-3775
1368
-2685
261
3149
2808
950
236
1038
-2253
-2701
67
-547
3005
3588
-414
-1578
-1787
-4491
1375
-3221
1055
1095
-46
-2735
-3573
396
-1127
-137
432
-400
-1104
-3159
-4555
-221
-89
170
-3443
-267
576
-1411
4329
504
-1159
1499
-3503
-2929
-2669
-1477
-3968
2591
562
-2588
1035
-554
-5582
2746
-498
-114
2000
-2386
-492
1848
374
-1888
534
1461
907
-110
-626
-1937
158
1915
957
-2789
-797
-2008
14
2093
-1265
786
314
-1206
203
-1842
-4429
-1810
1668
-1968
-1451
-3539
-162
429
3440
-3034
488
-1142
718
82
-1032
-2371
-195
-1143
1880
246
-693
1727
2322
465
-2257
1417
-139
1156
-267
-7130
1339
1833
-1835
-1181
-746
-3563
-825
938
-4857
-445
2488
219
569
-1533
-1453
251
-680
-1451
-6862
2467
-1296
1310
-870
1995
-1908
-687
7
-1461
128
261
-3151
839
157
1910
1745
-214
1389
315
-4
638
-3732
737
-6089
985
-1595
-1977
1994
-4013
787
-1734
63
369
-1822
2893
2237
-2914
-1512
-5234
-89
-2908
614
3147
2445
3204
1253
-3165
1051
-3583
3630
-5081
-1439
-799
-1551
-1905
-2898
-3618
650
-1088
-777
-1597
3256
2669
966
1466
1054
-2957
1884
-2451
-2143
-1543
536
3979
670
1817
-2539
3828
4557
2958
-1473
2725
-468
2162
-859
-6123
-1741
-258
2629
4358
681
2163
1728
4898
-3838
1628
-4844
-838
-1253
1833
-3577
1366
1162
5753
1886
942
1037
-1889
2392
1113
-4645
-310
-669
1693
-312
3568
321
3163
2361
-2944
-1155
2468
-5855
706
1030
-4676
2674
2929
-4176
-1933
397
-206
5264
863
-3030
1970
-106
-4195
5546
-310
997
-2245
377
-2705
1323
-1906
-1610
2514
3565
840
-1550
-423
3794
-2189
2219
-182
-1655
1720
736
-2912
1437
-2321
2361
908
-1359
-1314
4926
5358
3202
-1289
-3134
-741
3519
-2428
-1124
1702
1219
3035
31
3968
-123
-1719
-384
701
-566
1604
-3468
4275
61
612
-2005
1742
-1479
-861
-4221
-3017
-1734
5463
-4652
-396
-1118
1002
-846
239
-4822
2864
1483
2265
-1383
908
-3343
2851
822
-902
-1681
2146
-2644
646
1461
2289
-1292
1184
1336
2837
-4121
1451
-2557
-4360
1293
-7435
-2402
-2923
-147
3122
2381
2292
5214
3321
1629
-4204
-774
-6586
176
-2513
-2656
-208
3368
-2855
4244
-4694
3156
2473
3921
-253
-5189
-1159
-40
-1376
-2991
-1613
2198
2578
997
-3581
-277
2564
238
877
-3406
-3827
-1392
-2537
-1902
-1387
-710
270
413
760
-3286
-723
-967
330
-1112
-3692
-2454
1969
843
2950
-3422
-414
-592
490
-3560
-1449
-7263
1648
946
-88
-5452
1147
182
228
-2041
-1412
-2252
2637
-3430
328
-2353
1525
1620
1127
428
1135
-1945
-634
-4413
-2677
-558
4008
1430
2895
1715
1416
1211
-3703
-2040
-2410
-7669
-58
-136
-3170
2931
-1435
-5547
954
1020
-2482
944
-705
1710
1579
-795
-4192
-1274
-1932
272
-1281
-1475
77
2443
1501
1368
-1006
3026
317
-2624
-1001
-1599
-3453
1070
-2009
-3600
2524
2086
1735
4172
171
-2031
3383
-628
-3314
-2725
-5712
-3673
1823
-2167
-2757
-2186
3911
-3152
5426
-556
-2161
-567
2288
-3011
-764
-3002
-178
-769
1416
-4610
-977
430
1602
-4729
2509
-2866
-867
-1473
-490
-6724
1871
-1119
-561
1515
3024
-1072
4729
-1510
-6813
-4743
-6587
-2388
1609
-2809
1
994
3443
404
-751
-423
-3241
824
-3580
-2476
-4876
-70
-368
441
-982
-1411
-423
745
-3950
-2011
-1998
-3088
-755
1795
-5684
3988
715
-454
-3623
1316
-6981
-3622
-2971
-4441
2606
6024
1991
5392
1945
2082
-592
-3693
-2442
15
-1968
-2029
-5349
2275
2512
-2478
266
594
4446
3113
1326
-6100
154
1070
865
-4803
-2596
-4532
2451
-2888
-1029
1182
4164
-1093
2650
-2058
2176
-2417
1009
-5338
2127
-2720
-865
-4072
5475
-1
-545
-1987
429
703
1378
-4161
-321
607
3134
-7030
-1675
-2443
2443
2307
-447
-3632
929
704
-4221
-3487
-4287
-2252
342
2804
-3280
1083
1050
3005
-520
2842
-2672
-1483
681
-4073
-3787
1650
-4136
2114
-4349
930
-1005
6001
3672
437
-118
265
-4454
892
-6614
-1980
175
2771
760
2344
1940
-1275
1269
6173
-1516
-77
-4908
-1800
2379
37
743
-1614
2626
611
-3757
-3768
-3261
-463
336
-1814
-580
415
3636
-2198
-986
-1922
-100
-1193
1544
-6999
-130
-1388
1973
669
700
-965
3151
236
2380
-1818
-1747
-3428
1536
-831
-443
-2392
2315
2932
3010
-582
-363
-1124
123
1047
-3066
-1722
4034
-1555
2581
-125
-3493
4386
208
1354
1758
-38
-1969
-584
-2171
-3318
-2278
64
-4679
7194
-1171
2469
483
2052
644
1183
-3008
371
336
2943
-3529
723
715
2083
-1117
-1064
-4048
-167
2045
3559
-3517
497
-1956
-1014
324
-3526
-2184
4374
1101
-530
627
3636
1139
4212
-1846
-2111
-1022
-3069
-2988
-1161
-3696
-1435
1134
-878
-1
-2570
1336
667
4599
-1260
-3004
-1827
479
-1688
-890
-1274
-66
3637
5030
-3110
603
-2492
-800
-498
-2243
-4862
1112
1292
3257
63
1183
468
-198
-3045
-4329
-2027
1224
2535
388
-1284
-539
-1302
-550
-929
-2390
364
1215
5
-319
-1592
-4583
2134
2333
-673
-1484
-2604
-3004
2157
-2505
-428
-1776
-404
-862
2017
-2298
-2248
-311
3271
-937
1235
-5277
471
-1397
-1569
-1290
-232
2549
1022
-3040
-649
-3898
2972
738
-4349
-2878
-2687
-1844
-2854
-2516
-2274
-294
4372
305
-195
2063
-1525
4162
-317
-3737
-3142
-3117
-1953
-720
665
1960
-2554
3118
-2458
-323
-3386
-1100
1635
1789
1267
-1537
-5047
3963
-3157
-2302
-3446
-3207
2909
3532
-2315
-1327
3798
1878
118
-227
-5973
-638
2502
670
-739
160
-853
-1544
1014
-5546
-130
-1445
534
-420
-1382
-1625
-18
-1919
3426
1087
1555
-1987
-2208
-2574
-2421
-4036
-1218
-989
1671
-1706
3201
-1057
2323
2841
-1275
-280
-1799
-2846
-2419
-4188
-946
-252
3494
-2513
-2283
-1320
-500
917
-1318
-496
1067
-170
34
-1079
-1878
2115
-1292
-1415
-3530
-2911
-2321
-2368
-2449
-851
1704
74
-1384
-3038
-5263
740
1276
1409
379
631
-2878
-3782
-5291
-2720
-3459
2542
1562
2093
-640
-2832
-1417
47
166
130
-4682
-1824
-4777
-532
-735
-729
1702
-2191
-596
-1860
-2751
879
841
-1478
303
-2011
-2267
-2584
-2169
-2033
1222
-656
-599
-2474
-3667
-512
-1874
-1347
2621
-537
290
-4231
-426
-2971
583
-1850
-3268
529
-1856
-1414
-1086
-3478
1651
-659
-1433
-4025
-4326
389
2251
2897
3937
-54
123
-4078
-2683
-2891
-1504
-822
-1679
1815
-1621
762
916
845
3813
1214
-3718
-2157
-1361
-1268
-3081
-1243
-1433
1080
-520
-988
-4080
454
928
1811
-878
-244
-3467
-2149
-3373
-1498
2126
3383
14
-1298
-3607
-898
-3684
-1606
-93
1289
3053
-801
-3335
-1402
792
613
857
-2633
-2985
-3719
-1242
-3794
1889
439
1158
-279
-978
-1512
2089
-696
3744
1029
2835
-5220
-2667
-4053
-682
1774
476
-595
619
-1960
-990
-4142
508
64
3877
-1913
-1256
-2150
-577
190
2348
1135
-487
-2437
-1941
-3457
25
975
1153
1963
140
-1638
257
-1854
-2002
116
1079
453
-1934
-2394
-2291
-97
-913
1705
1211
1475
-3448
-243
-291
1468
1220
563
-2547
-514
-1927
770
-1926
-246
308
1931
-2375
-2612
-3924
1614
2923
1234
939
1301
-2931
-4538
-2735
-325
1068
2813
-425
436
1834
-69
-45
-876
87
646
-514
-854
127
-1119
-1249
255
114
-650
-1026
-4249
286
-78
590
341
-669
-3072
882
-1811
340
1580
913
1409
1321
-5490
-1398
-1984
-891
-283
2373
-1717
-1063
929
-1186
198
1438
-1199
1258
-469
-3006
-2158
-1953
2091
1829
-1061
331
-2156
193
1402
463
1961
-246
1206
-381
-3345
-1601
-1623
1032
2557
-568
723
-602
-1849
-1675
-762
1157
1280
-63
-362
-1158
4
330
3639
1426
715
-2215
-1838
-3757
-830
-560
2054
2590
-942
-1708
-1629
-2313
1391
2028
1155
-784
-917
-1568
-2048
-773
-206
809
1527
748
-3447
-867
-1113
2788
1584
-616
137
-768
-795
-1440
-3328
-631
1148
1273
-189
-520
-3405
927
430
993
244
-392
-1852
-1104
-874
219
758
2545
-160
-147
-2641
-2526
150
-407
509
-158
-1357
-1315
119
-447
-2
1500
1976
822
407
-3477
-590
-985
2092
1976
-1395
-1980
-2133
-674
2313
-1566
2974
2078
1614
-926
-1806
-2730
1259
-824
328
-1237
1581
906
1953
13
214
246
1948
-1050
-591
-3873
1242
736
2281
578
-155
-1392
113
-529
200
-1141
-282
141
-392
-2874
-2412
869
2363
5034
177
494
-359
-1566
-3380
-1790
-527
2922
1953
-1395
-1545
171
-7
3345
-804
-458
-550
951
-1952
-1388
-1982
913
2799
1223
-2902
-1296
-549
409
273
1548
-1146
579
-1411
-2059
929
-1102
1089
1839
-1389
-568
-60
-2129
-906
-575
-243
-19
302
-1717
-940
905
379
1491
1616
-2076
-938
-2628
-1575
-300
2110
106
923
429
982
-1940
-213
7
1122
1930
1039
-1392
-703
-1745
1345
385
1566
-1159
-970
-10
-472
-631
-357
1594
1065
256
-114
-103
-624
1165
890
-26
360
-217
-33
107
243
2416
-772
1030
279
-616
-1051
-217
377
1870
59
1648
-952
586
-1313
23
203
1112
938
-1061
-1981
716
481
3528
1636
1148
-494
1092
-1085
448
-1054
679
1066
752
-168
231
441
-33
1367
1634
732
-680
-1298
575
474
-988
1137
257
2875
-138
463
-122
83
1868
820
764
-585
-676
2933
490
3523
1126
-188
-185
10
-952
178
-758
1339
1374
2179
-696
1011
389
2441
-219
-79
-243
1008
570
-1499
-891
972
74
2694
732
-291
237
631
-556
532
-435
-802
2735
-352
596
-1612
1571
2204
277
-614
-576
768
-391
-798
1909
-381
2818
-549
352
1515
276
565
399
-1596
-314
6
-305
993
981
979
865
645
-408
113
-961
891
1215
1021
-249
768
-206
637
611
540
-760
1663
732
-870
-1263
-150
443
1021
555
1333
-253
56
-455
142
34
616
-1032
-683
200
999
-926
249
101
1538
2201
-411
-1832
225
940
-57
361
254
-189
2279
-60
-1316
1074
804
1465
-375
-918
249
721
1015
-143
57
46
-154
1094
-1165
849
-273
100
1786
58
-164
98
631
273
601
577
85
1077
240
152
-455
431
441
564
-302
304
770
264
1355
638
-997
204
115
578
-327
1115
-562
356
1134
-484
1972
-290
-367
2503
-270
694
609
63
238
980
-64
-12
895
496
683
-505
-98
-431
604
1716
106
258
248
-573
975
691
582
1059
331
991
221
-620
657
1038
432
970
1509
347
-23
1107
494
321
1540
-366
1189
828
-194
-123
-410
756
1593
-336
41
659
83
892
118
384
312
535
268
1034
281
313
-613
1019
114
31
178
608
-280
67
189
23
297
86
154
747
-77
-125
-477
-136
853
-599
573
-412
-98
18
-9
1194
-580
-322
359
549
594
-878
419
-4
33
70
-165
32
-35
72
45
-64
34
-44
102
-16
-13
0
7
-1
