2450
1257
2956
2594
-2446
2722
-2023
2823
583
-1558
-2578
-1199
1882
-2539
-873
-2207
-2050
-2627
1212
-2481
701
-1957
909
-7
-1292
1984
1911
2630
-2998
843
-2955
-2361
-2359
-797
-1562
-923
-1502
-677
-473
841
1726
-1380
2064
1443
1957
-1906
-2607
663
1210
-2330
-2425
588
1874
1888
-2463
1388
2424
-286
-2575
-1552
1392
-2757
-452
242
2723
-1746
-2302
878
-2349
2901
-1509
639
1901
1981
-65
1565
2491
2406
-1714
283
1709
-1833
1482
-146
500
-1436
-2491
-1211
2503
-176
-1383
1578
1634
-2872
2280
1790
-1055
1015
-1222
2580
-1308
-1986
1471
-137
921
2800
-1121
-2541
1749
-807
511
-1899
-2538
-2078
1962
-1194
-696
905
1905
1598
-754
-1860
880
-2978
-1302
832
553
-1048
2934
-2260
1416
-2060
-392
1994
-840
-2542
342
-1356
-2207
1198
-84
-1903
-2392
-1790
-2191
-1057
2704
193
-1513
-376
1015
287
655
2179
-715
1494
-2059
-2651
-961
1904
-734
2836
632
-970
2568
2391
2105
-1459
-1287
1680
1209
-44
2807
-143
2970
-56
21
1613
-671
-280
-2202
1552
392
892
1789
-1677
2148
2429
-1247
1356
-963
-1363
-1978
985
216
1975
-1395
-1943
-412
-146
1712
-2216
-2691
766
-2825
-2182
1168
95
256
1851
1763
12
-1340
-2282
2320
2822
2656
829
-2456
-2551
-1905
-2809
1350
-2135
816
1740
398
-735
1930
-1170
-1083
1710
23
-1434
1395
-2022
2527
-1666
-2498
-2557
1618
1907
1443
1550
2768
-201
1722
-464
2663
-2992
2888
422
-921
346
-1201
-2045
992
1106
1755
-908
-1499
-929
-1028
2565
1537
-1270
638
1597
2077
2412
575
-2588
-1691
2217
-514
968
1701
-1512
327
-1622
-2958
1600
-2869
-641
-1484
-1774
974
2489
-2958
1479
1799
2447
2848
-2280
114
1932
823
2724
2682
2800
-2595
-374
-1074
-2195
-2192
1836
149
2666
2931
-540
-772
-1638
-323
-1402
-245
-402
-1442
-2197
-484
42
-1054
1109
-341
-386
1759
1894
1513
1736
8
332
785
-2412
-1525
695
-1170
1602
-1396
-2762
-1220
339
2815
1135
1308
355
201
2255
-641
-251
-1750
1544
281
-855
1206
-2344
-2960
584
956
481
2460
817
154
-1442
-2692
1392
-2014
-1317
-1443
283
248
1729
2218
1726
2817
-1917
2584
-2729
-1556
-2946
1030
2429
435
-2067
15
407
-1870
-1054
1297
318
-2146
-717
-620
461
-2883
466
2594
-2358
1393
2824
654
1318
-1183
-245
-2711
-687
-829
-1274
1901
-296
1840
1742
-1302
-2590
-2670
826
-454
2434
-496
-2075
240
2623
966
-632
-1446
2088
2671
-738
-2596
-1910
455
-1884
-1251
-230
-918
-1091
-240
-1584
-2833
951
-2047
1816
-548
-1035
1477
1479
-1956
-2294
-1955
765
2052
61
-2005
1286
2443
-1688
2226
-1728
2020
2156
141
-135
2340
-2609
57
725
1402
-1620
-2868
-2166
1618
2819
-679
2961
-1041
-2177
-691
376
804
250
-1110
-2044
-2084
-2178
1259
-210
-2320
1206
-1920
1823
84
291
-1752
1708
159
427
-467
1327
-2561
570
2172
-307
916
-1179
645
-1326
1798
1778
2725
-333
-258
599
2056
-2812
-1876
2662
2688
-282
1865
2574
1037
-766
-565
-367
1072
-209
2720
-871
-965
2376
273
1496
-2250
-280
-2551
981
1222
2514
961
1141
2123
-192
-249
1837
1949
-1857
-2845
-2659
-2142
-1971
756
-2822
-166
1071
-2311
-1583
-1265
-1963
-1057
1807
-1202
1654
317
329
1384
1642
2406
-2170
1765
-1863
-2826
-2235
-2197
-2230
2612
-1360
2657
829
2236
-797
-1582
-1876
274
-1469
-1165
-2906
525
2776
2100
-2952
805
-844
-2315
245
-501
103
2317
-2103
-391
-2645
-713
1335
-2429
1004
-1221
592
-2088
-381
-2923
-1625
-1417
69
-1709
-923
1487
-518
-2665
-659
-153
1952
-1178
1931
395
-2673
-1439
535
-121
-1808
-1565
1682
704
-2135
1297
-590
-225
1244
-592
-2913
-2552
547
-323
2560
-2430
-747
276
-2329
2427
800
2433
784
-2914
-1101
-2328
777
-2635
1044
-135
-1166
98
1243
1882
-1105
-1132
-930
998
2167
1571
2256
2228
-1963
2102
2758
1622
2251
-2595
881
-1055
843
2279
-758
1601
-1991
119
765
1284
-1161
-1417
2497
691
-2440
767
-1847
1662
2188
-998
-2187
1593
-1088
-1485
-1799
-2585
312
-577
1501
-76
-691
-2631
-1717
264
-536
2406
-2662
-338
227
-2195
246
2145
-1811
-2066
-2631
967
-2888
-1253
2843
1588
-1537
1093
-2172
779
2143
2399
-909
-82
1078
1225
-234
-814
-1318
-2542
-332
-2005
-607
2524
69
2485
-2448
2959
-2421
-1121
1713
615
-204
-1211
-2200
-1229
-2000
-1097
-2340
1993
2830
-1690
1237
-2765
698
1017
-2776
-2979
-2145
2175
-1343
191
134
406
-1001
-519
-513
2904
-2653
-620
1748
566
-1142
2411
-2441
-1085
2322
945
1108
-156
-2152
2706
2296
-375
2010
-1049
-794
1770
-2404
2711
-2991
-1227
-2709
-343
1740
2482
200
1825
376
1506
-2944
-139
-1498
-1152
2802
-1747
123
-1646
404
2989
-2208
2729
-2256
-1882
880
-2230
-2512
956
-2835
2912
236
-756
1241
2685
-706
1158
613
1652
552
-742
2104
-1645
1782
2982
-1312
1263
988
-510
-10
2695
2720
1398
-691
-2759
498
389
-868
2282
748
745
-1225
-2551
-1237
-1591
-924
2091
-2037
-2052
52
620
-2031
813
2064
1694
-1412
-1111
-1900
-315
-1039
-1321
2591
-601
-723
558
-2588
-1768
1342
451
-1798
2061
-457
269
168
-1889
-2509
-215
-2816
-390
348
833
-2794
1260
-1984
561
649
1635
-2662
2129
-694
-602
-1047
333
-1227
-803
-905
782
987
2953
2667
-897
-1842
2518
-1267
306
2516
-2459
-1453
-437
467
2398
-1690
2803
-396
1709
152
-1012
-410
1308
2498
2341
-2191
-2280
2361
919
-2758
29
2367
-685
-1247
-1595
-1794
-718
569
-1389
735
1828
-2376
1376
892
-152
2598
-2421
595
-1598
-2806
480
2054
342
2040
-1770
728
-1955
-1262
-2888
1209
2713
1495
1541
253
-1307
-1530
-1282
2779
-1615
224
-1769
-395
-2146
-746
1762
1877
2423
243
1908
1251
-2740
-2124
-1599
-1519
-1978
-1589
-1347
2710
-919
-1216
-573
-1186
1544
-841
-2250
704
-866
-822
-2589
2203
-252
-2534
2430
-1309
684
972
-1799
2760
991
248
2214
343
-2871
-103
1848
1417
434
-2946
1310
-303
958
1520
1829
-2825
1679
405
-2543
-1490
-2199
387
246
-2586
2931
-1493
-1107
-1196
-2747
168
-1463
-547
2686
2516
-2272
552
-842
1316
142
-1434
-41
2136
1347
-1805
-2056
-777
2174
1109
806
-2152
-2524
2257
-477
-74
-238
95
-1368
-1610
2398
2453
622
-808
592
1011
2368
-2475
235
-429
703
354
-1644
-2372
-2940
-2645
-1064
1677
-987
718
2958
889
239
-1606
1439
2334
2159
583
929
2491
-400
-1261
792
-1227
733
-2714
2968
-1759
645
-914
1307
-2832
-2598
2563
-2473
-1005
158
-1520
258
1686
132
2592
-2117
-499
-1318
589
-2781
-2617
-1062
-2409
-1979
-773
-2761
1256
849
-1955
-2627
-560
-221
-1783
2218
588
-2861
2397
-282
-2651
-2362
2991
2198
692
-2838
-1064
-217
-2405
426
-1044
-297
468
-2550
-2655
-1194
131
372
-1550
2477
1955
-332
2893
470
-1593
1864
-292
-1500
2733
-2144
76
2832
890
689
-182
467
2468
-742
-1627
-458
-1358
-332
766
208
-687
2241
-1197
-599
107
-2629
-1611
-2289
-2407
2342
-2799
2035
44
-2317
-57
597
-2458
2870
919
-233
2183
-1423
1944
-1026
2648
-1535
2743
65
388
2963
1626
-1117
-2652
-2735
1878
-527
-695
139
2353
-564
627
-2431
-984
-2130
-1530
-726
-1378
-1706
803
1799
-1748
2378
1475
219
2820
390
-1693
2147
2172
-1120
-1038
2041
-44
-2688
1669
-439
-1320
-998
-798
1769
-2767
1361
2237
-1285
942
-1608
732
-2549
2801
660
-697
-2816
2146
622
2088
28
-2952
2515
-535
1395
-2093
1892
2458
1668
1543
-568
1212
393
509
-930
1226
-2034
-2990
373
279
305
1168
2565
2666
2420
625
2558
-2298
-955
-2779
231
1424
-1912
-442
-2410
-1180
1681
222
1615
834
2359
-2635
-1945
-502
1439
2358
-2844
-2174
-455
1588
147
1527
-1981
1037
712
-2958
1442
2951
-2230
-836
-1853
1287
-1932
2922
-2898
-2761
1826
2159
398
1525
118
516
-1855
21
-2694
-2663
-988
786
2352
1041
1112
1175
1799
964
120
-1009
2606
-1521
68
1442
-1474
2074
229
2461
-895
2612
2567
527
-2389
-798
-1344
-1403
-1640
-2992
2359
-279
471
-1106
2965
2904
2788
998
1357
-995
137
-1359
1311
1669
-2513
-1670
-1776
745
1352
2007
-2886
-1787
-185
-729
-957
-2616
1569
-584
1046
307
-2691
-1155
2793
2589
-731
707
376
1984
2747
-2546
2329
375
-1833
-1671
1235
581
518
2811
491
-2401
-2000
-2387
-2122
1030
840
-765
-2022
-662
1800
-601
1531
-1228
841
2311
-1742
-117
-2322
-2205
-2615
-2524
762
-531
832
2140
1582
2857
1690
2614
1435
-1478
1316
1162
1640
1484
-1089
63
1639
437
2724
-1970
2444
1514
-1282
765
-223
-2223
297
2818
-347
546
-2334
-1800
-2022
-2778
-1363
-1619
-848
-2193
2992
82
-672
-1500
-811
-605
2558
-27
656
-2971
527
1665
944
170
1955
2775
-1117
1783
-1288
-2910
-2435
-1027
-1166
-2891
-2026
-336
1601
1088
1288
-241
2516
2934
2596
-230
2430
-681
619
362
2076
-1291
980
614
939
-1140
-1010
-1870
-2395
-1280
-871
215
2945
-2830
1258
2431
2195
-2284
2732
-354
2255
2190
-869
787
2188
-2874
-2539
-739
-2104
-2795
1694
-1036
1905
-1958
1057
2254
1543
-1622
-846
-821
-1395
-976
-2478
-290
-272
-2825
823
-2643
-1984
1109
328
-2963
-1271
-740
-2121
-2552
-235
-777
1948
226
1906
-237
-2915
-2970
-2002
-804
1310
-2043
-1327
870
-1276
-1068
-2067
-674
2375
2327
-638
1053
-1486
2700
749
-1758
-2342
396
-1353
-2573
-2049
-2702
1086
1691
1845
-1409
2376
648
-2913
-935
202
767
-319
1867
-2131
2849
2003
-959
698
-1177
-2464
130
1952
1584
2686
-998
-661
-2097
-997
323
302
-2037
-2297
-608
1989
-1889
5
-2242
2188
1600
387
-662
-59
2322
2431
-9
176
2459
472
1655
969
-182
-1681
616
-1894
-1814
2172
-2246
874
-376
676
1425
-1180
-2742
2014
-784
969
2375
-1355
2988
2007
1749
940
263
-679
1934
573
1690
2927
1730
2118
-86
2243
-996
-1768
-33
-2812
1966
-1414
1065
1764
1092
905
-1575
-135
2619
-1553
-1745
-1365
1655
-1011
619
-1895
-2475
-1146
-1614
2456
2622
-2808
562
-2737
-450
130
2043
751
-1468
2429
1604
376
2383
-791
-973
714
-2478
-747
-1875
1864
1340
1049
2484
1926
293
-2906
-2431
89
2715
2059
2611
2841
-764
-1074
1700
-1726
2755
2582
-805
-930
1157
1300
1803
563
-2416
358
-2741
1546
958
597
-1638
1283
1348
-934
-2803
2062
1622
58
1242
1748
-1015
2483
461
-1272
-1398
2342
-803
-2099
2678
906
2894
-1836
1973
-37
545
-2730
387
802
-11
-2642
91
-2680
2062
569
1147
884
741
2724
-1938
-150
2055
-18
1575
-1920
1150
2487
-2024
-431
-2748
-1645
997
2229
-931
-2836
2432
-173
2463
-1032
1147
-2895
75
-1009
-983
2721
1504
-996
797
-506
459
2758
696
-2096
2030
1357
-2346
-2031
-1217
-458
171
-1349
1968
1757
-1357
695
-2390
1020
-915
1017
-1228
1083
-637
-649
-1758
1348
1916
2559
85
-1841
618
-1810
-537
2119
-425
2554
-761
1190
532
-2394
-525
2549
-2666
-695
-1556
-1633
-857
2545
15
1820
-898
-247
2707
-2202
-2578
1237
2591
-2346
911
-2123
1164
754
-2737
1788
2918
-379
-931
-2707
-1648
487
609
-1484
927
-2639
2644
-2444
-996
907
24
186
-725
1614
-1304
896
2534
-1015
1881
1726
-2254
-2055
-510
1124
947
1080
-2943
-2228
1584
2052
1482
2668
2519
-1661
59
1727
135
705
350
1386
-2619
-43
-1620
-975
310
1463
-526
46
-2226
-1710
-1243
-300
-1558
-1420
2350
517
2633
709
-1495
-2384
279
-344
1150
1557
-603
405
-1766
2662
77
-1342
-1625
2718
1137
1248
942
1674
483
20
2273
-642
-1544
-1310
2429
1217
2119
-727
799
-2810
2521
-181
120
1598
-982
756
-1038
-1133
877
-397
-2382
-1583
2831
1194
957
-1043
-2881
423
-2781
-1411
-1856
-304
1612
768
-1111
-1247
-2530
-1968
1328
-2463
2507
-421
-2521
433
1991
-915
1680
1251
546
-738
-637
-430
-461
-1686
-19
-2760
389
-2705
2234
2161
-970
2845
2729
2932
-2053
-2982
-1510
-922
-1599
1536
-1644
-309
-1443
-925
2418
-2923
-2206
-671
2044
-1720
2612
2819
-748
2910
-2267
1566
477
727
-60
-1677
-2135
812
1815
1018
-170
2667
549
-1639
1104
-1076
1494
2989
-1381
2592
1179
-2428
-1524
2608
-121
2296
1676
-2890
1625
1115
2207
484
757
-2333
-1717
-2781
-332
-1040
-1276
-21
-1909
2603
2642
549
-2995
2419
1098
-2556
2979
-1113
1856
-231
523
-134
315
-1948
524
-2071
-327
226
-228
2005
2978
2834
1476
-1800
-2782
-1868
466
770
-811
820
2348
-1478
-1281
-2247
172
1925
-1201
1727
-377
304
2917
1139
2821
-2424
2389
-2649
-2260
785
-779
-1082
1775
-1189
645
-228
-1244
1995
424
-2576
-1402
-1974
362
-1787
-45
1377
2730
1575
-2519
2630
2847
643
2745
-1016
2408
-2997
-100
-2115
-1110
-1971
558
946
-906
-2677
-2716
-2664
-2570
-2905
2843
1409
1515
-2800
-2294
-1432
2361
2833
2965
-919
-1246
-1876
1459
1309
-1866
-396
-2726
933
1687
2178
1713
-399
-913
-2667
1917
-2363
-2963
-1349
2657
1046
-686
2142
1049
649
-363
2768
1938
-2937
-2150
-103
484
-1242
-366
-610
-2176
2717
-839
2022
-2751
-457
-2546
-1117
2676
2128
-1958
216
-1230
2418
-2511
1725
-1953
1320
-1607
-1757
-1703
2861
-708
812
-2720
-1607
2250
-239
-2981
-210
1945
2232
-1193
-1583
1990
-373
43
-1887
-2091
2441
2957
-659
1961
2725
2364
2047
1100
-1969
-1574
-394
-2849
-1388
2881
-1123
431
670
2410
-623
1157
-1773
-2622
735
1129
-1219
430
-1102
1857
-807
1193
801
2788
-1795
590
-2497
267
2077
-2755
-1023
1257
2162
6
2969
-428
-1395
-162
-2034
-2046
-1389
1543
656
2802
1640
438
-298
-1277
1515
-2433
-2359
1410
-872
484
-1206
1283
-837
1311
2972
-2497
-190
-2437
1352
2473
-2481
120
316
1111
-1202
612
-1808
941
1191
-241
-2054
-469
577
-1066
1985
-2263
-1492
2626
932
1518
1866
-2709
-511
1353
-2165
796
-1518
2040
2021
-281
-631
2770
-2950
-609
-73
709
-2579
-2143
926
-1690
-2285
-2741
-2006
67
2204
1598
-2190
-2610
1035
-106
-27
-1119
-1058
2455
-297
1492
-1888
-2490
-1757
354
971
2636
-2758
-2018
-371
-1045
-2460
1862
-602
932
402
-2981
909
-1097
-1404
-237
739
1812
367
-2851
1762
-1361
1938
1132
624
-678
-2606
2992
967
-1624
-2446
-1554
2416
-1695
-122
